-1.18545851958208124308 -0.37934406714274861280 -0.88930452320592408706 1.01643927014226450722 -1.50361386956088513697 -0.04178750645747838373 0.36613108564609528583 0.79362673488800838560 -1.80934314407340368766
-0.51841181726695980710 -0.15980498561428094783 -0.42356770228880554158 -0.96456051963707247144 1.19925262491461656112 0.34357425514596754812 -0.24654754779191557438 1.87855240321455298951 -0.63440993265416058679 0.72961449375330669130 -1.45299800347197688043 2.01912628853117968051 0.69962703773035714511 -0.93390948669661529957 0.43503209927680319287 -1.03530451382865012252 -0.09457358255771071478 0.98340349611379241176 -1.10663805812510325434 -2.32021683062962384638
0.72051844233151131092 1.22547019756601119323 -0.83280347796239948596 0.55282550552858848936 -0.27941937897065418310 -1.15690135471313872075 0.13892764231482625702 -0.68439858553049021789 0.84168873433692797942 -0.86802443989287272305 -0.18088839611369464374 0.65169697765566410828 0.02548837326524944657 2.06091994519112944764 0.62655440763593971598 0.01838409083905811996 1.09722571770969414017 -1.07482717521899024369 0.58543751540672161744 0.16427059057398898862
-0.07648225645457564513
-0.30346460961491767322 -1.27123287522566266131 -1.34322160371915863856 -0.18875927502517018006 0.53054580104364280321 -0.86099493533517589434 -0.11154163180835065298 1.32560384518724861302 0.43404575923029237338
-0.68375010312986292865 0.31000290751973469616 1.03662369644767242839 1.82038247857441028762 -0.87584820229220393303 0.49196391088732611122 0.38103560926783856366 -1.55196252164435016796 1.28062340942264151790
-0.13773216020931471983 0.15381521894312126992 -0.15149561202110427710 -0.78581597139178907757 1.67304766905478675021 -0.00375704510053511928 0.99597168416218710756 2.47353216002743206414 -0.96490858402564179158
-0.87888300118754833571 -0.25579517814954291796 -0.04209145152247003171 0.83887434285013734122 0.52159014130253058601 -1.09346050404087685097 0.24813915764987224927 0.27177303703728012720 -0.89854849094546825365
-0.51564430473185666115 1.07884922274907661547 0.57189898999810295078 0.45020456546053407119 1.12245637700557837602 -1.89974163623811409096 0.04742882147778641173 -0.66660863706811009880 -0.72191230549994725479
-1.15233668553244033390 -0.28156553399580097581 0.50974349813607134957 0.98243366482173533527 -1.22423306939419962284 -1.35432393696927255483 -1.11332731656682403073 -0.32132811105750448534 0.49949734876366332694
-3.33292511587185004852 -0.47983434079919734291 0.43188402677567143910 -1.08455777055495823169 -2.27126798843752179119 0.01745567301577314529 -0.91519074865278929142 0.21238385158043356260 0.25618959383736225239
-0.93155871337901951075 -1.56120273647431768191 -0.40217467306404839570 0.87285067460343376865 0.47288119183430120973 0.29175597703599318077 0.72564897838080301391 1.47853417007363903543 -0.00337933371556986084
0.10753106732396546492 -0.11908176072343051385 -0.26736941539623057981 0.32675649808107143474 -0.72454680385910240510 -0.39799123311685817347 -0.88228874329160878809 0.09447922324144373324 -1.92382341130191846174
0.12043839830966266413 1.18205375072538288622 0.36473760416511532013 -0.10741355570500416235 0.58282836103140832725 0.61786851568114668678 -0.81033733762824968963 -1.11019521362590124530 -0.59977343299129758916
-0.72289851438855557602 -1.26827619219101184525 -1.30250654276533976814 -0.79477113753084147188 0.72820636617700700428 -1.89758379165155098339 1.12250464667009635712 -1.05979355029197300957 1.22228148040938533502
-0.76774635313839333849 -1.34376748655351844640 0.30388611392654333915 0.43812517031224269799 -0.82901476759677510787 -0.04833556712115021058 0.42728920006382365915 0.81803001244840326217 -0.19237540011679505962
1.67307310993919863785 0.19352865979852486295 1.66446098707295334811 -0.06568918752298068687 -0.01296801066792464336 -1.11763372445768336967 0.11915831421105761015 1.04683735608922854384 -0.85701351421951155245
0.12852130794559411794 1.99078574141593770991 -0.04757371141907642163 -0.56104415207038984593 0.55173528810758323230 -0.98845473800782271200 -0.86246729209841842831 -1.06018866801494798747 -1.09448154443997130699
0.55520740717264476075 0.66658866583084340913 -0.78853814414104485747 -0.49561178936979898382 -0.26024588174179714493 -0.73755440511601299603 0.94759463228977667599 1.75665050788414612442 -0.84431288907487883188
-1.12633721350546940133 0.14175603584411940816 0.01098267852183922079 0.00060775487242534730 0.17921717096724305900 -0.90810510874446057956 -1.16055838166552798918 1.56351288666570301404 -0.41945655818903895593
-0.17569621275123206842 -0.00299096862000369877 -1.17363209978077306017 -0.19715566630372774573 0.23800821215931714792 -0.52709218587549534551 0.44217675830118751930 -0.47591101541874613216 -0.43555742430430447951
0.21033629572796534023 0.21549001927428051349 1.42070316439081605173 -1.03330502686503208183 0.30560982951105897603 -0.02073695149272160779 0.90927476898164688943 0.29740096083072857164 1.06699832897722262964
-1.62764108639730998185 -0.06707983510374006490 -1.94689550591965427641 -1.73598090096337596500 0.94945522321536567962 1.52258245098122218966 0.37781917358616855083 -0.03255169054605452036 0.90447675695654219409
0.90949829520335916382 -0.44372531127221369744 1.36783551057262820828 1.24732547880692724775 -0.08502351430056657721 0.67422211091039725749 -0.21550207270698038606 1.49969658123908660536 0.60440796495395685564
-1.14838423073301589071 0.87194275959199397122 -0.09048282579678381705 0.92328807232984534643 0.24852112348243575826 0.11028332634786971349 0.41105941771088839402 -0.09280952416744995261 -0.28862305231965009055 -0.86232569300894099985 -0.98348609522746627189 -0.48772071468146291484 -1.47160523515606519388 1.36708486185933809974 -0.41388425208617251716 -0.91841420440193728084 0.79748222211535178746 1.03310215942706473940 0.93772967371567575733 0.85760519569506094337
0.12140969547496380478 0.56590714396065716814 0.91966663458652937084 0.15302323666676297620 -0.21038510110822689985 -1.10278358007247875741 -0.90280054574135215286 -0.60333736376554702828 0.26535680260590294150 0.16907650780730462496 0.09165626108384230289 1.32638013398631185425 -2.43280987565842546599 0.73670788865850021055 0.59838108965855243748 -1.65281219913812299678 -1.02431912509602295026 -1.41870424613417698634 -0.29259566097892511941 1.66752518637989194091
-0.05948512539131803186 -0.69118262887103000856 1.04478409319920405795 1.11527687667607254931 0.89443592116637700396 0.28102094515473670342 2.41141100087711147482 0.77081841596841733314 -0.28994350911258129846 0.61047265023341689414 2.16798401067934677069 -0.89698778787985296280 1.30557677809516361502 -1.10122597205351620536 0.95370200781590733333 0.64471345125936700015 1.38354689902279009788 -0.01727472105895867223 -2.91646579314912862755 -0.77699677514709541455
-0.93495443908314007360 -2.44486165096279365835 0.09805003198732374222 -0.93337344923205899441 -0.15599214480399174274 -0.45081516872677430735 -0.48818261843038063629 0.08139736091782789169 0.17899392897492940205 0.85746538430222601316 0.01572252837572653018 1.85113361463174031429 0.57663459623161001955 -0.56844286958415366173 0.22177283181970485400 -0.80164494241933777186 0.20063183591815544596 -0.06043734054149552106 0.33355358877524847084 -0.98920167064960112140
-1.08842920023246963709 -0.87851241507196156031 -1.04717347866624070239 0.63384219373556022073 -0.29281595181096298371 -1.00507635935285043985 1.35169721188556882013 2.06853184700738033323 1.48345515105086258538 0.37856160873357986771 -0.28637601570413143593 0.58157432582021147133 -0.33304494512284336165 1.11416014418435781251 -1.10240642228175123897 1.25936749325059143450 0.18957567232685844513 -0.01414638606975445352 -0.57652187495577189715 -0.12001008828803999919
1.41696905094502656865 -2.52419292480414784812 -1.42492109846057545442 -2.06726994607305251755 -0.35113187596261592925 1.49917403495323595390 -0.84641642597740888797 0.22121126629337080212 0.84671550965078199309 0.57135579125360474545 1.30309484461239120327 -0.31245434622097571802 -0.52864653494313466956 -0.69128626375855469253 -1.31500089910879875874 0.44732726909524826825 -0.56550793942555449231 0.53889259698252702326 -0.10435086495887271705 -0.78572507129971549668
1.41837878791397282410 0.43584226431384051864 -0.65718949020290088307 -0.26653338601040179492 1.25208224385583237308 -2.34502540783806527635 -0.42303262568655551948 0.55383400203390382511 -0.82129864270114771299 0.11267070638758583631 -1.11694537196715785630 -1.02915671584733643749 -0.66788043538975462387 -0.07598234455323104622 0.67309316891117698916 -0.24477381268329161689 0.27490019140195603219 -0.62806392698599464625 0.70035806565558918945 0.65031451285923065825
-0.96404024922761494677 -0.34005408757698849111 -0.35765161566919575749 2.17370682641371892625 -0.64615352693324253265 -0.95584397115408120774 -0.40204927803388592055 -0.04772667837990975952 0.07780172888682505202 -0.26917599578432585460 -0.60656793134138783062 1.71282504923577343591 0.42473890880158007906 1.18871691303876011927 0.33348499860640908545 -1.21121932787169183906 0.20827251178050374939 0.86693595887849646047 -0.02580220070745154659 -0.52926561217375813509
1.80615331317960817149 0.33415434918138882544 -1.00659604598676028723 -1.95218404262683582957 0.82981985969840488379 0.15308394748015590538 -1.50167230532231715508 -0.41388768007787857597 1.81578998164895306401 0.37414781990668298368 0.75900327163129974948 1.01107267070687881509 0.16426163251791802210 -0.40052348075458326659 2.06217951981376932985 -1.16479983404627216489 -0.15647645679725958929 0.26963384327487596403 -0.16017189653263465968 -0.47765424664004909466
-1.39164898844616543086 -1.82076577064247763053 0.41694033165170158454 -1.67236258691827734287 -0.94817101309127672069 -0.74351620226289849135 0.34204766186268545150 1.67318492606798169156 -1.39500723513043501452 -1.00604193532381346586 0.80319279040954268670 -0.68992764244139747688 -1.63041765461330547882 0.06427698965102347298 -2.00944817522240900555 -1.26978621273630308910 -1.03178306670078853246 -1.45036002488868818550 -0.17742074365924222332 0.66340717715602341801
0.70501153088345668853 0.65505955832832303716 -0.72527801153749088634 0.15491871668827723842 0.80990444464231967493 1.58008584054307078847 1.17601646097938700316 0.74469546850300890451 -1.17253680114460396634 0.50476895589032789492 -0.02383536376359630649 1.76888027487002936274 0.47751955877229385961 1.14718540513334277058 -1.47195319929409370078 0.18665932623468366187 0.69080015834696851797 -1.29422096695755684448 -0.45368158161261319214 -1.52799372332309250802
-0.98490180610003756547 -0.59624850292238941799 -1.82469436671888831844 -1.98608506980292318458 0.15589177253083663057 0.26417312291387780001 -1.44307964466003776926 -0.60087885142021453159 1.11497236413838683971 0.38276782470828662973 -0.78522578420054218204 1.39000394867430088880 0.25362860534034148302 -1.33313551001755213024 2.66411221646906550844 0.27123113935077099778 0.50649192751881030666 0.29148817573990041098 -0.00271266074307950265 -1.12412044640146613892
1.51868698290419092242 1.00606899375484886263 -0.53535039774128476749 -0.96251266727525320547 0.09178793256456930284 2.30593034952988112994 -2.12131580615304754750 1.87898669136574567615 -1.15790768487740544721 0.70556223192724142247 0.87032092406257486120 0.17156892720569310418 1.25160847292868049883 -1.84472142112435459084 2.07503019352792035892 -0.63342594820171359906 -0.88301152513092687814 0.32250777380018106925 1.10931438855838227766 0.58386296931820231361
-1.66889047922384096381 -1.43744036356652659541 1.33117709661939378162 0.43852528601146323282 -2.15590912213037399418 1.21356297605153829746 0.70199136384817569049 1.00002884100804670083 1.35081859054350238299 -1.65071820232517031918 1.97936616540604192437 -2.37581291096035086005 -0.55542513186649406122 -0.78879215085207399617 0.45407873741483654686 0.04019858933845667898 -1.25756079645313613435 0.14966397777742606532 1.09831240988332018481 0.63994053909444593092
-0.15311934123678440851 0.29972070784207785357 0.72935620322354681715 0.16344619482959322138 -1.37448520294608272831 -1.76625397660956162064 -0.81103178253174993138 -0.20640720059604243040 1.54280794750768806948 1.01306616894788271944 0.65218141305365962489 1.36714509272096659701 0.40873777182077704128 2.71796355133232627084 0.02571296370991328208 0.89151032850716758040 1.80028882915136308554 1.44772319578778461177 -0.23247430064622338301 -1.88601599032064799560
-1.54170685160585054267 0.53481868795761056264 -0.09533540413096165647 -1.75513263375611808085 2.82678994444814209630 -1.17383351470673179913 0.43360066245903833404 -2.63670264165914664325 -0.72650874540157584641 0.70826966540238409873 -1.15024364582550268530 0.43279600442932478807 -0.40954180677971821701 -0.66754986937788997201 0.56419391294918070647 -0.72368951769844878165 -2.16765765744723748931 -0.79225298872034036353 0.02199740642689029683 1.13874166667869040979
-0.50121383940872755921 0.75230126831807109543 -0.61171984002480869313 0.70077645212969511538 0.59906827058242997832 1.55178944329594592510 1.31334689659759205134 -1.33478497964271956031 1.42490366674344333658 0.87434186672920123705 -1.17303756018462365608 -0.81421967184422859717 0.15090848592736185796 -0.69979326501079350259 -0.84233825274062167283 1.31496951530258200495 0.76870992662828319136 -0.00659860080072650968 -0.79986716782861202963 1.13786138723975212717
-2.40591539270475457206 -0.92484618774034469204 -0.27403014900862585841 0.31473170973594196217 1.81078277297613069591 0.32612295421855962976 -1.33626347554725578490 -1.49470279177117666789 -0.07664757219917862894 0.31494833737185078337 1.13730360584602675366 -1.04385365115117726364 -0.55083394274013432239 0.75773065431096280916 -2.11489085476779356695 -0.63995400389262128689 -1.58645091255852186058 1.15675233184585122105 1.17322938323549129868 1.46057626694662610900
1.09873401169463189345 -0.81348789548693596174 2.68386795014710223040 -0.78622216004379020241 0.56470137705924129375 1.99419997991037630371 1.10384694463858518240 -1.10515468324714087557 -1.02780364087393178438 0.11138593742009500625 1.29422346700678527409 0.87831850923942587114 0.18562381274146807018 0.21786061356030146038 -0.90121598143668432408 1.72720775455572154880 1.84327785301762196648 1.70624973759987045695 -0.39634598636031807074 0.82519616195026101351
0.53963594233418204653 -0.31040056771724719065 0.73877207645611729116 1.83357798623671091557 0.73521640789629815914 0.59683283560912457746 0.48381558379663120622 -1.10778052967057001827 1.18020412653962942151 0.26804852008409058210 -1.20988127539932996174 0.32946078181012396923 -1.28958329849201441656 1.27644071405840073285 1.50960587322295905965 2.24471292692860571413 -2.19278781854903879198 0.54762141026966026718 -0.26500306463267175842 1.45110524626459001275
0.81183887968322390451 1.34824409620814031688 0.85048229326098949925 -1.62387826522418151785 -0.98284354014898302193 -1.38349019011138147132 0.63380075465898984342 -0.13861380278299463884 1.19077016053312983751 0.53118195438546247927 -1.37162351261080490636 -1.06696779009845596898 0.61072040257842990797 0.40878043697918765685 -0.06582225553364764070 1.80881778624342332961 -0.80279001481523452709 -0.03885206582261652916 -1.26201242934348769405 0.63654545432408552119
