-1.18545851958208124308 -0.37934406714274861280 -0.88930452320592408706 1.01643927014226450722 -1.50361386956088513697 -0.04178750645747838373 0.36613108564609528583 0.79362673488800838560 -1.80934314407340368766
-0.44299434397198346198 0.55322734012320444165 0.05228077077799483644 -1.12384263433158303419 1.55799734950371181284 -0.08951267034858898929 0.23675833901203754078 1.79929074736660608315 -0.52743187880116457851 0.53443723609953703094
-1.80530593304725349012 -0.11131294459092076465 1.39459029258458635126 0.55276941443912383679 -0.32719667647471482877 1.05011328219414973772 0.61161911616772913472 -0.37981055738873701805 -0.70821189975318400955 -0.41864481420437644519
-0.31858975154729603999 0.36891575043757591861 0.24622140428977857269
-1.38944822920721683629 1.77791457992812648183 0.17865380697298660684 -0.99246211221962467129 1.02611561294216520996 -1.51115466491965955717 -0.36574837130416406282 0.99365377390066712712 -0.97761534860585240145
-1.44343344762610311174 -0.42913574736219203416 -1.34206694173644372405 -0.97899145258616089961 -0.11481493068100763523 0.48815288176173640065 -0.59876671421829194666 0.11194038828033629259 1.33861851637724610419
0.14612433692637212297 -0.98609373019150691695 -0.06237662135909585488 0.99810715988873583381 1.77107885761391563924 -0.72221708569942166963 0.82275348359416413361 -0.36080753892195417738 -1.79524650178556728283
0.23618537160729250802 -0.45377455133078465203 -0.26614304194746779661 0.07698923543581433469 -0.96012506333510058362 1.23020006450816542253 0.46590233315127711013 1.57777436502665077841 2.37722506461856447884
-0.38829132027197824165 -0.59941465441731567207 -0.20023056564246689394 -0.17907489520888432934 0.66602878819856388621 0.73130843791339804805 -1.24927795791051246012 -0.25426825533586900425 0.29982509467336815711
-0.54321544636623953704 -0.31213244277488865337 0.51614624036577630119 0.78990761530376244306 0.02922074245691013223 0.59160772468915769003 -1.72573901002823134135 -0.48374052591177654382 -0.97410493092520786387
-0.90232878842314863686 -1.08220113150069896393 0.23312139202002303486 1.13251425488793115758 1.40924943060209218034 -0.41132104622693374182 -1.64054983655671209010 -0.92451888051871175918 -0.06973560287335036692
0.88858494872629942524 -3.30998238158976350537 -0.24684171649208694048 0.56409822288179482336 -0.92002269690614879225 -2.27909960657428069209 0.31604668388488657671 -0.71399883675969926742 0.40348717430538858501
0.14402650321097109288 -0.88118826008892517262 -1.29157745758509301750 0.07592267925825394030 0.98963259844121173695 0.43088543494958647423 0.33782598161847264805 0.64553455707512494857 1.34071262194092724791
0.03378100752144699216 -0.12643961042913314122 0.03165964689425040079 -0.33787682713411940083 0.33255427188544559128 -0.73292242162307681642 -0.12731487791439205844 -0.79357604903687307285 0.33972359958746833555
-0.92862736426573699308 -1.33449562561992005017 -1.48539822213346780491 -0.76409237231971787949 0.65137201087167282895 -2.01219326747608790958 0.98758166085044778187 -0.97307937339477573724 1.02360889000901773057 -0.29520573077308865959
-1.11117371487194597211 0.81003436370041141012 0.83458094489756231297 -0.45504355518749361773 -0.05922630143282416364 0.78674929942288059786 0.72824493879499084878 -0.15442044175625119329 1.53527674401074912800 0.07788240714407128889
1.34153273017025970366 0.45255102417765852234 0.40650949776771090662 -1.48559041015817995231 0.38767578693002767277 0.99789937868083710543 -1.01117876913360700650 0.23977144321639866425 2.14447277618174129803 0.18090325884873073031
-0.31759358892802701829 0.56125412933105223011 -1.14067299036860361132 -0.69764444300579835003 -1.03381739700079580409 -1.10625067964530941940 0.51867995437788863203 0.18990575583608454899 -0.87567334721339489477 -0.80689722414390059032
-0.86634607924162436823 -0.15864395429973770043 1.16599709359207230966 1.59555227673788501102 -0.38107979355131911100 -0.78165967395541838313 0.43655999583723603265 0.14452720361918959312 0.45869837550564847753 -0.10817625462153714184
-0.73895253948034702468 -0.94458127135702353832 1.65722648024316320968 -0.54683917268204960027 -0.26978288025180404075 0.30156560977653733166 -0.80555545193596439924 0.03342645058788330013 0.32374666698636585236 -0.41652936486106479893
0.49819817922466254540 -0.42956997405784428051 -0.07696636330420450013 0.43975084468667854795 0.18832039822771254220 0.81030213230047813563 -0.91613570146661565941 0.67088214072024369245 -0.00059629635252704769 1.09339644066461464886
0.39617812034325283093 1.32949310059467854276 -1.57206207472457596959 -0.04299105854955688028 -1.55985883189908337767 -1.72950789116864919010 1.09263852337652118518 1.63123461164116055958 0.46971056459001978031 -0.07622822557010386662
0.84610676316801008604 1.44991764470243244113 -0.73451934071431388670 1.31108792497645774619 1.30142559359713720949 -0.45089731223663756800 1.40189488780945370689 -0.36807075694700834277 1.58836866787560909394 0.58920201654170192401
0.86581119789967237122 1.30414267696885210145 -0.55015749906103153820 -0.16384022747406180767 -0.59457748389309363714 -1.05193840505319553553 0.40921480968592988209 -0.45997834642597449308 0.59037422810923240331 -0.89870667690704171402
2.00590740501776239042 -0.15712230376090802763 -0.30063102087506503988 1.09286439370336175972 -0.47329064903508016347 0.44263005685549642722 0.44179969135521063206 -0.83450743567798833035 0.21689986854929725965 -0.74238157264973096927
1.20046374515241274382 0.52441265943546325711 0.04639302258582861579 0.53573518366130754888 -0.00764181064698652123 0.05569981337342146843 -1.09655582629988208876 -0.87462049684833845475 0.13149044405753651213 -0.83090311768431152951
1.21245264850467248600 -0.00043302320987433852 -0.30596979680370148564 0.96157586219617823399 0.30524686541964344747 0.90571739026073801241 0.43417444682579600269 -0.30805449056840147383 0.37950211153640596443 0.23905456999335171891
